{
 "nbformat": 4,
 "nbformat_minor": 2,
 "metadata": {
  "language_info": {
   "name": "python",
   "codemirror_mode": {
    "name": "ipython",
    "version": 3
   },
   "version": "3.7.5"
  },
  "orig_nbformat": 2,
  "file_extension": ".py",
  "mimetype": "text/x-python",
  "name": "python",
  "npconvert_exporter": "python",
  "pygments_lexer": "ipython3",
  "version": 3
 },
 "cells": [
  {
   "cell_type": "code",
   "execution_count": 15,
   "metadata": {},
   "outputs": [],
   "source": [
    "import pandas as pd\n",
    "import numpy as np"
   ]
  },
  {
   "cell_type": "code",
   "execution_count": 16,
   "metadata": {},
   "outputs": [
    {
     "data": {
      "text/html": "<div>\n<style scoped>\n    .dataframe tbody tr th:only-of-type {\n        vertical-align: middle;\n    }\n\n    .dataframe tbody tr th {\n        vertical-align: top;\n    }\n\n    .dataframe thead th {\n        text-align: right;\n    }\n</style>\n<table border=\"1\" class=\"dataframe\">\n  <thead>\n    <tr style=\"text-align: right;\">\n      <th></th>\n      <th>NO</th>\n      <th>Name</th>\n      <th>SequenceAmount</th>\n      <th>Sequence</th>\n      <th>Sites Number</th>\n      <th>Binding Sites</th>\n      <th>v1*seqloc</th>\n      <th>v2*seqloc</th>\n      <th>v3*seqloc</th>\n      <th>v4*seqloc</th>\n      <th>...</th>\n      <th>cp(hb)*loc</th>\n      <th>cp(fg)*loc</th>\n      <th>v1*energyloc</th>\n      <th>v2*energyloc</th>\n      <th>v3*energyloc</th>\n      <th>v4*energyloc</th>\n      <th>cp(rs)*energyloc</th>\n      <th>cp(hb)*energyloc</th>\n      <th>cp(fg)*energyloc</th>\n      <th>cb*energyloc</th>\n    </tr>\n  </thead>\n  <tbody>\n    <tr>\n      <th>0</th>\n      <td>1</td>\n      <td>1AJU</td>\n      <td>30</td>\n      <td>G</td>\n      <td>1</td>\n      <td>0</td>\n      <td>0.084576</td>\n      <td>1.026948</td>\n      <td>0.000000</td>\n      <td>-0.200000</td>\n      <td>...</td>\n      <td>0.000000</td>\n      <td>0.000000</td>\n      <td>0.087492</td>\n      <td>1.062360</td>\n      <td>0.000000</td>\n      <td>-0.206897</td>\n      <td>0.034483</td>\n      <td>0.000000</td>\n      <td>0.000000</td>\n      <td>0.103448</td>\n    </tr>\n    <tr>\n      <th>1</th>\n      <td>1</td>\n      <td>1AJU</td>\n      <td>30</td>\n      <td>G</td>\n      <td>2</td>\n      <td>0</td>\n      <td>0.169151</td>\n      <td>2.053897</td>\n      <td>0.000000</td>\n      <td>-0.400000</td>\n      <td>...</td>\n      <td>0.000000</td>\n      <td>0.000000</td>\n      <td>0.174984</td>\n      <td>2.124721</td>\n      <td>0.000000</td>\n      <td>-0.413793</td>\n      <td>0.068966</td>\n      <td>0.000000</td>\n      <td>0.000000</td>\n      <td>0.206897</td>\n    </tr>\n    <tr>\n      <th>2</th>\n      <td>1</td>\n      <td>1AJU</td>\n      <td>30</td>\n      <td>C</td>\n      <td>3</td>\n      <td>0</td>\n      <td>0.560113</td>\n      <td>9.442264</td>\n      <td>9.670000</td>\n      <td>-0.321000</td>\n      <td>...</td>\n      <td>0.100000</td>\n      <td>0.100000</td>\n      <td>0.579427</td>\n      <td>9.767859</td>\n      <td>10.003448</td>\n      <td>-0.332069</td>\n      <td>0.103448</td>\n      <td>0.103448</td>\n      <td>0.103448</td>\n      <td>0.310345</td>\n    </tr>\n    <tr>\n      <th>3</th>\n      <td>1</td>\n      <td>1AJU</td>\n      <td>30</td>\n      <td>C</td>\n      <td>4</td>\n      <td>0</td>\n      <td>0.746817</td>\n      <td>12.589685</td>\n      <td>12.893333</td>\n      <td>-0.428000</td>\n      <td>...</td>\n      <td>0.133333</td>\n      <td>0.133333</td>\n      <td>0.772570</td>\n      <td>13.023812</td>\n      <td>13.337931</td>\n      <td>-0.442759</td>\n      <td>0.137931</td>\n      <td>0.137931</td>\n      <td>0.137931</td>\n      <td>0.413793</td>\n    </tr>\n    <tr>\n      <th>4</th>\n      <td>1</td>\n      <td>1AJU</td>\n      <td>30</td>\n      <td>A</td>\n      <td>5</td>\n      <td>0</td>\n      <td>0.973389</td>\n      <td>17.358617</td>\n      <td>30.825950</td>\n      <td>-0.506667</td>\n      <td>...</td>\n      <td>0.166667</td>\n      <td>0.166667</td>\n      <td>1.006954</td>\n      <td>17.957190</td>\n      <td>31.888914</td>\n      <td>-0.524138</td>\n      <td>0.172414</td>\n      <td>0.172414</td>\n      <td>0.172414</td>\n      <td>0.344828</td>\n    </tr>\n  </tbody>\n</table>\n<p>5 rows × 22 columns</p>\n</div>",
      "text/plain": "   NO  Name  SequenceAmount Sequence  Sites Number  Binding Sites  v1*seqloc  \\\n0   1  1AJU              30        G             1              0   0.084576   \n1   1  1AJU              30        G             2              0   0.169151   \n2   1  1AJU              30        C             3              0   0.560113   \n3   1  1AJU              30        C             4              0   0.746817   \n4   1  1AJU              30        A             5              0   0.973389   \n\n   v2*seqloc  v3*seqloc  v4*seqloc  ...  cp(hb)*loc  cp(fg)*loc  v1*energyloc  \\\n0   1.026948   0.000000  -0.200000  ...    0.000000    0.000000      0.087492   \n1   2.053897   0.000000  -0.400000  ...    0.000000    0.000000      0.174984   \n2   9.442264   9.670000  -0.321000  ...    0.100000    0.100000      0.579427   \n3  12.589685  12.893333  -0.428000  ...    0.133333    0.133333      0.772570   \n4  17.358617  30.825950  -0.506667  ...    0.166667    0.166667      1.006954   \n\n   v2*energyloc  v3*energyloc  v4*energyloc  cp(rs)*energyloc  \\\n0      1.062360      0.000000     -0.206897          0.034483   \n1      2.124721      0.000000     -0.413793          0.068966   \n2      9.767859     10.003448     -0.332069          0.103448   \n3     13.023812     13.337931     -0.442759          0.137931   \n4     17.957190     31.888914     -0.524138          0.172414   \n\n   cp(hb)*energyloc  cp(fg)*energyloc  cb*energyloc  \n0          0.000000          0.000000      0.103448  \n1          0.000000          0.000000      0.206897  \n2          0.103448          0.103448      0.310345  \n3          0.137931          0.137931      0.413793  \n4          0.172414          0.172414      0.344828  \n\n[5 rows x 22 columns]"
     },
     "execution_count": 16,
     "metadata": {},
     "output_type": "execute_result"
    }
   ],
   "source": [
    "df_all = pd.read_excel('data.xlsx')\n",
    "df_all.head()"
   ]
  },
  {
   "cell_type": "code",
   "execution_count": 17,
   "metadata": {},
   "outputs": [
    {
     "data": {
      "text/html": "<div>\n<style scoped>\n    .dataframe tbody tr th:only-of-type {\n        vertical-align: middle;\n    }\n\n    .dataframe tbody tr th {\n        vertical-align: top;\n    }\n\n    .dataframe thead th {\n        text-align: right;\n    }\n</style>\n<table border=\"1\" class=\"dataframe\">\n  <thead>\n    <tr style=\"text-align: right;\">\n      <th></th>\n      <th>NO</th>\n      <th>Name</th>\n      <th>SequenceAmount</th>\n      <th>Sequence</th>\n      <th>Sites Number</th>\n      <th>Binding Sites</th>\n      <th>v1*seqloc</th>\n      <th>v2*seqloc</th>\n      <th>v3*seqloc</th>\n      <th>v4*seqloc</th>\n      <th>...</th>\n      <th>cp(hb)*loc</th>\n      <th>cp(fg)*loc</th>\n      <th>v1*energyloc</th>\n      <th>v2*energyloc</th>\n      <th>v3*energyloc</th>\n      <th>v4*energyloc</th>\n      <th>cp(rs)*energyloc</th>\n      <th>cp(hb)*energyloc</th>\n      <th>cp(fg)*energyloc</th>\n      <th>cb*energyloc</th>\n    </tr>\n  </thead>\n  <tbody>\n    <tr>\n      <th>6</th>\n      <td>1</td>\n      <td>1AJU</td>\n      <td>30</td>\n      <td>A</td>\n      <td>7</td>\n      <td>1</td>\n      <td>1.362745</td>\n      <td>24.302063</td>\n      <td>43.156330</td>\n      <td>-0.709333</td>\n      <td>...</td>\n      <td>0.233333</td>\n      <td>0.233333</td>\n      <td>1.409736</td>\n      <td>25.140066</td>\n      <td>44.644479</td>\n      <td>-0.733793</td>\n      <td>0.241379</td>\n      <td>0.241379</td>\n      <td>0.241379</td>\n      <td>0.482759</td>\n    </tr>\n    <tr>\n      <th>7</th>\n      <td>1</td>\n      <td>1AJU</td>\n      <td>30</td>\n      <td>U</td>\n      <td>8</td>\n      <td>1</td>\n      <td>1.593983</td>\n      <td>25.648755</td>\n      <td>41.587573</td>\n      <td>-0.818667</td>\n      <td>...</td>\n      <td>0.266667</td>\n      <td>0.000000</td>\n      <td>1.648948</td>\n      <td>26.533194</td>\n      <td>43.021628</td>\n      <td>-0.846897</td>\n      <td>0.000000</td>\n      <td>0.275862</td>\n      <td>0.000000</td>\n      <td>0.551724</td>\n    </tr>\n    <tr>\n      <th>9</th>\n      <td>1</td>\n      <td>1AJU</td>\n      <td>30</td>\n      <td>G</td>\n      <td>10</td>\n      <td>1</td>\n      <td>0.845757</td>\n      <td>10.269483</td>\n      <td>0.000000</td>\n      <td>-2.000000</td>\n      <td>...</td>\n      <td>0.000000</td>\n      <td>0.000000</td>\n      <td>0.874921</td>\n      <td>10.623603</td>\n      <td>0.000000</td>\n      <td>-2.068966</td>\n      <td>0.344828</td>\n      <td>0.000000</td>\n      <td>0.000000</td>\n      <td>1.034483</td>\n    </tr>\n    <tr>\n      <th>20</th>\n      <td>1</td>\n      <td>1AJU</td>\n      <td>30</td>\n      <td>C</td>\n      <td>21</td>\n      <td>1</td>\n      <td>3.920791</td>\n      <td>66.095848</td>\n      <td>67.690000</td>\n      <td>-2.247000</td>\n      <td>...</td>\n      <td>0.700000</td>\n      <td>0.700000</td>\n      <td>4.055991</td>\n      <td>68.375015</td>\n      <td>70.024138</td>\n      <td>-2.324483</td>\n      <td>0.724138</td>\n      <td>0.724138</td>\n      <td>0.724138</td>\n      <td>2.172414</td>\n    </tr>\n    <tr>\n      <th>21</th>\n      <td>1</td>\n      <td>1AJU</td>\n      <td>30</td>\n      <td>U</td>\n      <td>22</td>\n      <td>1</td>\n      <td>4.383455</td>\n      <td>70.534075</td>\n      <td>114.365827</td>\n      <td>-2.251333</td>\n      <td>...</td>\n      <td>0.733333</td>\n      <td>0.000000</td>\n      <td>4.534608</td>\n      <td>72.966285</td>\n      <td>118.309476</td>\n      <td>-2.328966</td>\n      <td>0.000000</td>\n      <td>0.758621</td>\n      <td>0.000000</td>\n      <td>1.517241</td>\n    </tr>\n  </tbody>\n</table>\n<p>5 rows × 22 columns</p>\n</div>",
      "text/plain": "    NO  Name  SequenceAmount Sequence  Sites Number  Binding Sites  v1*seqloc  \\\n6    1  1AJU              30        A             7              1   1.362745   \n7    1  1AJU              30        U             8              1   1.593983   \n9    1  1AJU              30        G            10              1   0.845757   \n20   1  1AJU              30        C            21              1   3.920791   \n21   1  1AJU              30        U            22              1   4.383455   \n\n    v2*seqloc   v3*seqloc  v4*seqloc  ...  cp(hb)*loc  cp(fg)*loc  \\\n6   24.302063   43.156330  -0.709333  ...    0.233333    0.233333   \n7   25.648755   41.587573  -0.818667  ...    0.266667    0.000000   \n9   10.269483    0.000000  -2.000000  ...    0.000000    0.000000   \n20  66.095848   67.690000  -2.247000  ...    0.700000    0.700000   \n21  70.534075  114.365827  -2.251333  ...    0.733333    0.000000   \n\n    v1*energyloc  v2*energyloc  v3*energyloc  v4*energyloc  cp(rs)*energyloc  \\\n6       1.409736     25.140066     44.644479     -0.733793          0.241379   \n7       1.648948     26.533194     43.021628     -0.846897          0.000000   \n9       0.874921     10.623603      0.000000     -2.068966          0.344828   \n20      4.055991     68.375015     70.024138     -2.324483          0.724138   \n21      4.534608     72.966285    118.309476     -2.328966          0.000000   \n\n    cp(hb)*energyloc  cp(fg)*energyloc  cb*energyloc  \n6           0.241379          0.241379      0.482759  \n7           0.275862          0.000000      0.551724  \n9           0.000000          0.000000      1.034483  \n20          0.724138          0.724138      2.172414  \n21          0.758621          0.000000      1.517241  \n\n[5 rows x 22 columns]"
     },
     "execution_count": 17,
     "metadata": {},
     "output_type": "execute_result"
    }
   ],
   "source": [
    "df_isbs = df_all.loc[df_all['Binding Sites']==1]\n",
    "df_notbs = df_all.loc[df_all['Binding Sites']==0]\n",
    "df_isbs.head()"
   ]
  },
  {
   "cell_type": "code",
   "execution_count": 24,
   "metadata": {},
   "outputs": [
    {
     "data": {
      "text/plain": "71"
     },
     "execution_count": 24,
     "metadata": {},
     "output_type": "execute_result"
    }
   ],
   "source": [
    "len(np.unique(df_all['NO'].to_list()))"
   ]
  },
  {
   "cell_type": "code",
   "execution_count": 19,
   "metadata": {},
   "outputs": [],
   "source": [
    "col2drop = ['NO','SequenceAmount','Sites Number','Binding Sites']"
   ]
  },
  {
   "cell_type": "code",
   "execution_count": 30,
   "metadata": {},
   "outputs": [],
   "source": [
    "t1_isbs = df_isbs.loc[df_isbs['NO'] == 1].describe().drop(col2drop,axis=1).loc['mean']\n",
    "t1_isbs.name = 1\n",
    "predictators = t1_isbs.index.to_list()\n",
    "t_isbs = pd.DataFrame(columns=predictators)\n",
    "t_isbs = t_isbs.append(t1_isbs)\n",
    "\n",
    "for i in range(2,72):\n",
    "    t_tmp = df_isbs.loc[df_isbs['NO'] == i].describe().drop(col2drop,axis=1).loc['mean']\n",
    "    t_tmp.name = i\n",
    "    t_isbs = t_isbs.append(t_tmp)\n",
    "\n",
    "miu_isbs = df_isbs.describe().drop(col2drop,axis=1).loc['mean']"
   ]
  },
  {
   "cell_type": "code",
   "execution_count": 35,
   "metadata": {},
   "outputs": [],
   "source": [
    "t1_notbs = df_notbs.loc[df_notbs['NO'] == 1].describe().drop(col2drop,axis=1).loc['mean']\n",
    "t1_notbs.name = 1\n",
    "predictators = t1_notbs.index.to_list()\n",
    "t_notbs = pd.DataFrame(columns=predictators)\n",
    "t_notbs = t_notbs.append(t1_notbs)\n",
    "\n",
    "for i in range(2,72):\n",
    "    t_tmp = df_notbs.loc[df_notbs['NO'] == i].describe().drop(col2drop,axis=1).loc['mean']\n",
    "    t_tmp.name = i\n",
    "    t_notbs = t_notbs.append(t_tmp)\n",
    "\n",
    "miu_notbs = df_notbs.describe().drop(col2drop,axis=1).loc['mean']"
   ]
  },
  {
   "cell_type": "code",
   "execution_count": 78,
   "metadata": {},
   "outputs": [
    {
     "data": {
      "text/plain": "array([[ 2.85797781e-01,  4.69168060e+00,  6.29863603e+00,\n        -2.17128876e-01,  1.43482887e-01,  4.54077609e-02,\n         4.33362436e-02,  3.16774941e-02,  4.05086430e-02,\n         8.59782076e-01,  1.82310691e+00,  3.43512697e-02,\n        -8.03369302e-04,  1.23939784e-02,  1.13475874e-02,\n        -6.69206403e-03],\n       [ 4.69168060e+00,  7.80552382e+01,  1.09148456e+02,\n        -3.21791150e+00,  2.19901270e+00,  7.01038561e-01,\n         7.43618926e-01,  5.49764861e-01,  7.66488687e-01,\n         1.67193659e+01,  3.71930456e+01,  7.88459869e-01,\n        -3.14336784e-02,  2.47112605e-01,  2.27829508e-01,\n        -1.93455891e-01],\n       [ 6.29863603e+00,  1.09148456e+02,  1.87943350e+02,\n        -2.74439220e+00,  1.98138256e+00,  5.85177752e-01,\n         1.12228738e+00,  7.00890078e-01,  1.19501005e+00,\n         2.91599687e+01,  9.08501844e+01,  2.23963495e+00,\n        -2.87507744e-01,  4.58502200e-01,  3.15514639e-01,\n        -1.00757435e+00],\n       [-2.17128876e-01, -3.21791150e+00, -2.74439220e+00,\n         3.13738698e-01, -1.74700993e-01, -6.22606408e-02,\n        -1.92049677e-02, -1.99639404e-02, -2.87145338e-03,\n         1.05250637e-01,  9.06233846e-01,  8.00254609e-02,\n        -1.77387825e-02,  6.67409810e-03, -9.47158979e-04,\n        -3.58126491e-02],\n       [ 1.43482887e-01,  2.19901270e+00,  1.98138256e+00,\n        -1.74700993e-01,  1.05265269e-01,  3.66889667e-02,\n         1.60435867e-02,  1.60173046e-02,  1.12413224e-02,\n         1.44731051e-01, -2.96332129e-01, -3.12465221e-02,\n         9.29595262e-03,  6.15485654e-06,  4.20491645e-03,\n         2.00357544e-02],\n       [ 4.54077609e-02,  7.01038561e-01,  5.85177752e-01,\n        -6.22606408e-02,  3.66889667e-02,  1.50872978e-02,\n         4.50964510e-03,  7.08642744e-03,  6.20761332e-03,\n         9.73292176e-02, -4.67221330e-02, -1.72596571e-02,\n         6.37317298e-03, -3.17634465e-05,  3.50884636e-03,\n         1.01557857e-02],\n       [ 4.33362436e-02,  7.43618926e-01,  1.12228738e+00,\n        -1.92049677e-02,  1.60435867e-02,  4.50964510e-03,\n         7.86553494e-03,  5.39009132e-03,  9.07105087e-03,\n         2.06297102e-01,  4.75608559e-01,  1.48043766e-02,\n        -1.62247925e-03,  3.45175867e-03,  2.64258900e-03,\n        -4.31279673e-03],\n       [ 3.16774941e-02,  5.49764861e-01,  7.00890078e-01,\n        -1.99639404e-02,  1.60173046e-02,  7.08642744e-03,\n         5.39009132e-03,  6.59029662e-03,  1.04861119e-02,\n         2.22352067e-01,  3.43797870e-01,  3.69093888e-03,\n         2.60885521e-03,  2.88479425e-03,  4.75462161e-03,\n         2.09687636e-03],\n       [ 4.05086430e-02,  7.66488687e-01,  1.19501005e+00,\n        -2.87145338e-03,  1.12413224e-02,  6.20761332e-03,\n         9.07105087e-03,  1.04861119e-02,  1.72706190e-01,\n         2.87451191e+00,  4.00343157e+00, -1.14448356e-01,\n         2.45892378e-02,  2.77786498e-02,  1.99193281e-02,\n         7.98377495e-02],\n       [ 8.59782076e-01,  1.67193659e+01,  2.91599687e+01,\n         1.05250637e-01,  1.44731051e-01,  9.73292176e-02,\n         2.06297102e-01,  2.22352067e-01,  2.87451191e+00,\n         4.91270931e+01,  7.31725614e+01, -1.51177292e+00,\n         3.71812073e-01,  4.99604291e-01,  3.78635500e-01,\n         1.15689934e+00],\n       [ 1.82310691e+00,  3.71930456e+01,  9.08501844e+01,\n         9.06233846e-01, -2.96332129e-01, -4.67221330e-02,\n         4.75608559e-01,  3.43797870e-01,  4.00343157e+00,\n         7.31725614e+01,  1.44941973e+02, -5.43234436e-01,\n         2.02196628e-01,  8.19076305e-01,  5.27502364e-01,\n         6.40645216e-01],\n       [ 3.43512697e-02,  7.88459869e-01,  2.23963495e+00,\n         8.00254609e-02, -3.12465221e-02, -1.72596571e-02,\n         1.48043766e-02,  3.69093888e-03, -1.14448356e-01,\n        -1.51177292e+00, -5.43234436e-01,  2.37216251e-01,\n        -4.35714244e-02, -3.27335013e-03, -5.72441138e-03,\n        -1.21597860e-01],\n       [-8.03369302e-04, -3.14336784e-02, -2.87507744e-01,\n        -1.77387825e-02,  9.29595262e-03,  6.37317298e-03,\n        -1.62247925e-03,  2.60885521e-03,  2.45892378e-02,\n         3.71812073e-01,  2.02196628e-01, -4.35714244e-02,\n         1.16795918e-02,  1.60982649e-03,  5.27982887e-03,\n         2.47076150e-02],\n       [ 1.23939784e-02,  2.47112605e-01,  4.58502200e-01,\n         6.67409810e-03,  6.15485654e-06, -3.17634465e-05,\n         3.45175867e-03,  2.88479425e-03,  2.77786498e-02,\n         4.99604291e-01,  8.19076305e-01, -3.27335013e-03,\n         1.60982649e-03,  5.92002689e-03,  4.14465844e-03,\n         6.77790526e-03],\n       [ 1.13475874e-02,  2.27829508e-01,  3.15514639e-01,\n        -9.47158979e-04,  4.20491645e-03,  3.50884636e-03,\n         2.64258900e-03,  4.75462161e-03,  1.99193281e-02,\n         3.78635500e-01,  5.27502364e-01, -5.72441138e-03,\n         5.27982887e-03,  4.14465844e-03,  6.51268083e-03,\n         8.07783249e-03],\n       [-6.69206403e-03, -1.93455891e-01, -1.00757435e+00,\n        -3.58126491e-02,  2.00357544e-02,  1.01557857e-02,\n        -4.31279673e-03,  2.09687636e-03,  7.98377495e-02,\n         1.15689934e+00,  6.40645216e-01, -1.21597860e-01,\n         2.47076150e-02,  6.77790526e-03,  8.07783249e-03,\n         7.08176891e-02]])"
     },
     "execution_count": 78,
     "metadata": {},
     "output_type": "execute_result"
    }
   ],
   "source": [
    "\n",
    "sum_isbs = np.zeros([16,16])\n",
    "for i in range(16):\n",
    "    for j in range(16):\n",
    "        ti = t_isbs.iloc[:,i].to_numpy()\n",
    "        miui = np.full((71),miu_isbs.iat[i])\n",
    "        tj = t_isbs.iloc[:,j].to_numpy()\n",
    "        miuj = np.full((71),miu_isbs.iat[j])\n",
    "        sum_isbs[i][j] = np.mean((ti - miui)*(tj - miuj))\n",
    "sum_isbs"
   ]
  },
  {
   "cell_type": "code",
   "execution_count": 79,
   "metadata": {},
   "outputs": [
    {
     "data": {
      "text/plain": "array([[ 3.29227528e-01,  5.46952378e+00,  7.61756751e+00,\n        -2.15883502e-01,  1.51072871e-01,  4.49224399e-02,\n         5.31192171e-02,  3.64924897e-02,  2.79496394e-03,\n         1.10860648e-01,  2.16504291e-01,  3.08460389e-02,\n        -4.95326151e-03,  3.77419365e-03,  2.24802075e-03,\n        -9.10063150e-03],\n       [ 5.46952378e+00,  9.14697389e+01,  1.30438967e+02,\n        -3.40312802e+00,  2.41666854e+00,  7.23260085e-01,\n         8.98793283e-01,  6.21758906e-01,  2.41646592e-01,\n         5.52936076e+00,  1.09502663e+01,  5.04911950e-01,\n        -6.70805493e-02,  1.04870281e-01,  7.27788846e-02,\n        -1.24683288e-01],\n       [ 7.61756751e+00,  1.30438967e+02,  2.09291844e+02,\n        -3.79866900e+00,  2.76413808e+00,  8.26887210e-01,\n         1.32503355e+00,  8.74671531e-01,  1.38440961e+00,\n         2.76386941e+01,  6.07924943e+01,  7.13249305e-01,\n        -5.74214075e-02,  3.70172120e-01,  2.50956736e-01,\n        -1.37026375e-01],\n       [-2.15883502e-01, -3.40312802e+00, -3.79866900e+00,\n         2.16758674e-01, -1.34421559e-01, -4.37016706e-02,\n        -2.80581061e-02, -2.22126434e-02,  7.33263020e-02,\n         1.30726713e+00,  2.51966572e+00, -1.98286644e-02,\n         4.34792126e-03,  1.40225720e-02,  8.14630330e-03,\n         1.55561717e-02],\n       [ 1.51072871e-01,  2.41666854e+00,  2.76413808e+00,\n        -1.34421559e-01,  8.82392671e-02,  2.77157410e-02,\n         2.13645711e-02,  1.64970677e-02, -3.53733914e-02,\n        -6.29890038e-01, -1.31774558e+00,  1.36182514e-02,\n        -2.74439108e-03, -6.24281718e-03, -3.57384303e-03,\n        -7.27215884e-03],\n       [ 4.49224399e-02,  7.23260085e-01,  8.26887210e-01,\n        -4.37016706e-02,  2.77157410e-02,  1.01308135e-02,\n         6.02629858e-03,  5.99274759e-03, -1.33294411e-02,\n        -2.30340710e-01, -4.69218129e-01,  3.15990360e-03,\n         3.31753691e-04, -2.52636804e-03, -4.11880384e-04,\n        -2.10486074e-03],\n       [ 5.31192171e-02,  8.98793283e-01,  1.32503355e+00,\n        -2.80581061e-02,  2.13645711e-02,  6.02629858e-03,\n         9.19476274e-03,  6.11593343e-03,  7.13954639e-03,\n         1.40292281e-01,  2.62911518e-01,  4.96341964e-03,\n        -6.66618772e-04,  2.08143116e-03,  1.25081509e-03,\n        -4.79355014e-04],\n       [ 3.64924897e-02,  6.21758906e-01,  8.74671531e-01,\n        -2.22126434e-02,  1.64970677e-02,  5.99274759e-03,\n         6.11593343e-03,  5.46893852e-03,  2.46832529e-03,\n         5.77197922e-02,  7.92372993e-02,  2.42471824e-03,\n         7.03411829e-04,  8.64826021e-04,  1.57468331e-03,\n         2.63692038e-04],\n       [ 2.79496394e-03,  2.41646592e-01,  1.38440961e+00,\n         7.33263020e-02, -3.53733914e-02, -1.33294411e-02,\n         7.13954639e-03,  2.46832529e-03,  2.37819615e-01,\n         4.10437544e+00,  6.12591527e+00, -1.07804650e-01,\n         2.87054046e-02,  4.31412686e-02,  3.31481075e-02,\n         9.06698126e-02],\n       [ 1.10860648e-01,  5.52936076e+00,  2.76386941e+01,\n         1.30726713e+00, -6.29890038e-01, -2.30340710e-01,\n         1.40292281e-01,  5.77197922e-02,  4.10437544e+00,\n         7.12358004e+01,  1.08307861e+02, -1.74734946e+00,\n         4.83266490e-01,  7.54566468e-01,  5.83652005e-01,\n         1.50593557e+00],\n       [ 2.16504291e-01,  1.09502663e+01,  6.07924943e+01,\n         2.51966572e+00, -1.31774558e+00, -4.69218129e-01,\n         2.62911518e-01,  7.92372993e-02,  6.12591527e+00,\n         1.08307861e+02,  1.81888880e+02, -1.98668882e+00,\n         5.84530777e-01,  1.17178705e+00,  8.56949073e-01,\n         1.81761813e+00],\n       [ 3.08460389e-02,  5.04911950e-01,  7.13249305e-01,\n        -1.98286644e-02,  1.36182514e-02,  3.15990360e-03,\n         4.96341964e-03,  2.42471824e-03, -1.07804650e-01,\n        -1.74734946e+00, -1.98668882e+00,  9.54551619e-02,\n        -2.22477191e-02, -1.54271442e-02, -1.44288682e-02,\n        -6.38025467e-02],\n       [-4.95326151e-03, -6.70805493e-02, -5.74214075e-02,\n         4.34792126e-03, -2.74439108e-03,  3.31753691e-04,\n        -6.66618772e-04,  7.03411829e-04,  2.87054046e-02,\n         4.83266490e-01,  5.84530777e-01, -2.22477191e-02,\n         6.52064412e-03,  4.45681198e-03,  5.15077944e-03,\n         1.59681684e-02],\n       [ 3.77419365e-03,  1.04870281e-01,  3.70172120e-01,\n         1.40225720e-02, -6.24281718e-03, -2.52636804e-03,\n         2.08143116e-03,  8.64826021e-04,  4.31412686e-02,\n         7.54566468e-01,  1.17178705e+00, -1.54271442e-02,\n         4.45681198e-03,  8.20434425e-03,  6.14457719e-03,\n         1.45850159e-02],\n       [ 2.24802075e-03,  7.27788846e-02,  2.50956736e-01,\n         8.14630330e-03, -3.57384303e-03, -4.11880384e-04,\n         1.25081509e-03,  1.57468331e-03,  3.31481075e-02,\n         5.83652005e-01,  8.56949073e-01, -1.44288682e-02,\n         5.15077944e-03,  6.14457719e-03,  5.94811158e-03,\n         1.29998193e-02],\n       [-9.10063150e-03, -1.24683288e-01, -1.37026375e-01,\n         1.55561717e-02, -7.27215884e-03, -2.10486074e-03,\n        -4.79355014e-04,  2.63692038e-04,  9.06698126e-02,\n         1.50593557e+00,  1.81761813e+00, -6.38025467e-02,\n         1.59681684e-02,  1.45850159e-02,  1.29998193e-02,\n         4.75247729e-02]])"
     },
     "execution_count": 79,
     "metadata": {},
     "output_type": "execute_result"
    }
   ],
   "source": [
    "sum_notbs = np.zeros([16,16])\n",
    "for i in range(16):\n",
    "    for j in range(16):\n",
    "        ti = t_notbs.iloc[:,i].to_numpy()\n",
    "        miui = np.full((71),miu_notbs.iat[i])\n",
    "        tj = t_notbs.iloc[:,j].to_numpy()\n",
    "        miuj = np.full((71),miu_notbs.iat[j])\n",
    "        sum_notbs[i][j] = np.mean((ti - miui)*(tj - miuj))\n",
    "sum_notbs"
   ]
  },
  {
   "cell_type": "code",
   "execution_count": null,
   "metadata": {},
   "outputs": [],
   "source": []
  }
 ]
}